9313761861428380670,
180779649147209725,
289501704256556795,
578721933553179895,
1157442771889699055,
2314886638996058335,
4630054752952049855,
9332167099941961855,
4693051017133293059,
9386102034266586375,
325459994840333070,
578862399937640220,
1157444424410132280,
2315169224285282160,
4702396038313459680,
9404792076610076608,
2382695595002168069,
4765391190004401930,
9530782384287059477,
614821794359483434,
1157867469641037908,
2387511058326581416,
4775021017124823120,
9550042029937901728,
1227517888139822345,
2455035776296487442,
4910072647826412836,
9820426766351346249,
1266167048752878738,
2460276499189639204,
4920271519124312136,
9840541934442029200,
649930110732142865,
1299860225776030242,
2600000831312176196,
5272058161445620104,
10544115227674579473,
2641485286422881314,
5210911883574396996,
10421541192660455560,
361411684042608929,
722824471891812930,
1517426162373248132,
3034571949281478664,
6068863523097809168,
12137446670713758241,
5827868887957914690,
11583398706901190788,
287670746360127809,
575624067208594050,
1079472019650937860,
2087167920257370120,
4102559721436811280,
8133343319517438240,
16194909420462031425,
13871017173176583298,
18303478847064064385,
18232552689433215490,
18090419998706369540,
17806153522019305480,
17237620560088797200,
16100553540994408480,
13826139127340482880,
9205534180971414145,
